 1.0000 0.9949 0.9796 0.9544 0.9200 0.8770 0.8264 0.7691 0.7065 0.6397
 0.5702 0.4994 0.4287 0.3597 0.2939 0.2322 0.1757 0.1256 0.0828 0.0482
 0.0225 0.0063 0.0000 0.0039 0.0180 0.0422 0.0759 0.1186 0.1694 0.2272
 0.2907 0.3585 0.4290 0.5006 0.5721 0.6420 0.7089 0.7715 0.8285 0.8787
 0.9213 0.9552 0.9799 0.9950 1.0000

 0.0000-0.0004-0.0016-0.0035-0.0060-0.0091-0.0127-0.0166-0.0208-0.0251
-0.0294-0.0334-0.0368-0.0395-0.0414-0.0423-0.0419-0.0397-0.0357-0.0296
-0.0217-0.0118 0.0000 0.0128 0.0256 0.0382 0.0500 0.0604 0.0689 0.0751
 0.0785 0.0791 0.0767 0.0723 0.0662 0.0587 0.0503 0.0414 0.0324 0.0237
 0.0159 0.0093 0.0042 0.0011 0.0000